111152 1 0
111728 1 72
111739 1 83
111985 1 22
112139 1 79
112838 1 69
113976 1 13
114275 1 68
114983 1 45
115722 1 29
115917 1 18
116055 1 14
116113 1 5
116182 1 17
116269 1 91
117045 1 49
117047 1 52
117161 1 71
117381 1 2
117383 1 39
117686 1 95
117748 1 81
117751 1 42
117804 1 55
118396 1 87
118469 1 80
118517 1 64
118831 1 33
119183 1 47
119255 1 70
119834 1 1
120183 1 82
121186 1 12
121758 1 19
121972 1 30
122302 1 28
123061 1 63
123147 1 60
123369 1 54
123479 1 62
123834 1 23
124109 1 35
124441 1 25
124452 1 88
125359 1 56
125440 1 94
125474 1 89
125475 1 24
125571 1 9
125652 1 67
126316 1 10
126726 1 20
127391 1 59
127815 1 44
128033 1 98
128248 1 65
128317 1 31
128333 1 7
128522 1 57
128761 1 34
128891 1 26
129301 1 4
129916 1 36
130148 1 16
130666 1 74
130742 1 53
131151 1 11
131172 1 40
132090 1 76
132275 1 96
133708 1 48
134182 1 93
134183 1 37
134307 1 6
134345 1 58
134536 1 85
134606 1 77
136534 1 8
136563 1 27
136719 1 21
136952 1 41
137099 1 78
138008 1 46
138069 1 97
138117 1 92
138220 1 15
138279 1 75
138323 1 90
138459 1 3
138551 1 84
138616 1 66
139718 1 50
140118 1 51
140237 1 38
141149 1 32
142381 1 86
142676 1 99
143029 1 61
143147 1 73
